[SYSTEM]
ComPort=COM3
Min_Vout=2.5
FixCurrent_Scale_V=0.99741005897522
FixCurrent_Scale_Offset=-20.9386425018311
PromptFlag=0
MaxDrop=1.29999995231628
BaudRate=115200
ADCCOUNT=1
ConstantModeControlByte=32
ConstantModeControlByteMASK=32
ADJModeControlByte=16
ADJModeControlByteMASK=16
Language=0



[B_DAC]
Channel_LOW=7
Channel_HIGH=6
VoltageGain=4.11110019683838
Scale=1.00975000858307
Offset=0

[C_DAC]
Channel_LOW=3
Channel_HIGH=2
VoltageGain=4.11110019683838
Scale=1.00864005088806
Offset=0


[E_DAC]
Channel_LOW=1
Channel_HIGH=0
VoltageGain=4.11110019683838
Scale=1.00800001621246
Offset=0


[RB1]
Resist=6000
CONTROLBYTE=4
Scale=1
Offset=0
MASK=12

[RB2]
Resist=91000
CONTROLBYTE=12
Scale=1
Offset=0
MASK=12

[RB3]
Resist=1360000
CONTROLBYTE=0
Scale=1
Offset=0
MASK=12


[RC1]
Resist=75
CONTROLBYTE=192
Scale=1
Offset=0
MASK=192

[RC2]
Resist=1000
CONTROLBYTE=64
Scale=1
Offset=0
MASK=192

[RC3]
Resist=12000
CONTROLBYTE=0
Scale=1
Offset=0
MASK=192


[RB0]
Resist=500
CONTROLBYTE=8
Scale=1
Offset=0
MASK=12

[RC0]
Resist=5
CONTROLBYTE=128
Scale=1
Offset=0
MASK=192
