[SYSTEM]
ComPort=COM3
Min_Vout=3
FixCurrent_Scale_V=0.997347295284271
FixCurrent_Scale_Offset=-20.3820190429688
PromptFlag=0
MaxDrop=1.5
BaudRate=115200
ADCCOUNT=1
ConstantModeControlByte=0
ConstantModeControlByteMASK=64
ADJModeControlByte=16
ADJModeControlByteMASK=16
Language=0



[B_DAC]
Channel_LOW=7
Channel_HIGH=6
VoltageGain=4.1100001335144
Scale=0.996450006961823
Offset=0

[C_DAC]
Channel_LOW=3
Channel_HIGH=2
VoltageGain=4.1100001335144
Scale=1.00224995613098
Offset=0


[E_DAC]
Channel_LOW=1
Channel_HIGH=0
VoltageGain=4.1100001335144
Scale=1.00157999992371
Offset=0


[RB1]
Resist=6000
CONTROLBYTE=2
Scale=1
Offset=0
MASK=130

[RB2]
Resist=91000
CONTROLBYTE=128
Scale=0.999809980392456
Offset=0
MASK=130

[RB3]
Resist=1360000
CONTROLBYTE=130
Scale=1
Offset=0
MASK=130


[RC1]
Resist=75
CONTROLBYTE=0
Scale=1.02532994747162
Offset=0
MASK=12

[RC2]
Resist=1000
CONTROLBYTE=4
Scale=1
Offset=0
MASK=12

[RC3]
Resist=12000
CONTROLBYTE=12
Scale=1
Offset=0
MASK=12


[RB0]
Resist=500
CONTROLBYTE=0
Scale=1
Offset=0
MASK=130

[RC0]
Resist=5
CONTROLBYTE=8
Scale=1.00317001342773
Offset=0
MASK=12
